Seria	Name	Material	Active_layer	Solar	Speed	Pixel	Isc_1	Voc_1	FF_1	Pmax_1	EFF_1	Isc_LT	Voc_LT	FF_LT	Pmax_LT	EFF_LT	Light_Trap
OSIX	OSIX_ogn1_piks_1.dat	RP3HT	Flat	1	2000	1	2.2386383333	0.1615784084	26.3978476461	0.095485138	0.1909702759	NA	NA	NA	NA	NA	NA
OSIX	OSIX_ogn1_piks_2.dat	RP3HT	Flat	1	2000	2	2.63492	0.4895645199	51.1528103434	0.6598525033	1.3197050065	NA	NA	NA	NA	NA	NA
OSIX	OSIX_ogn1_piks_3.dat	RP3HT	Flat	1	2000	3	2.538075	0.4788870576	51.3960810228	0.6246943189	1.2493886377	NA	NA	NA	NA	NA	NA
OSIX	OSIX_ogn1_piks_4.dat	RP3HT	Flat	1	2000	4	2.576095	0.5261629888	53.0541360073	0.7191200819	1.4382401638	NA	NA	NA	NA	NA	NA
OSIX	OSIX_ogn1_piks_5.dat	RP3HT	Flat	1	2000	5	2.4422716667	0.5247453249	52.3076964758	0.6703600801	1.3407201602	NA	NA	NA	NA	NA	NA
OSIX	OSIX_ogn1_piks_6.dat	RP3HT	Flat	1	2000	6	2.251665	0.534853237	52.5104569031	0.6323888483	1.2647776966	NA	NA	NA	NA	NA	NA
OSIX	OSIX_ogn2_piks_1.dat	RP3HT	Flat	2	2000	1	2.53756	0.5721270161	57.1002878613	0.8289857654	1.6579715308	NA	NA	NA	NA	NA	NA
OSIX	OSIX_ogn2_piks_2.dat	RP3HT	Flat	2	2000	2	2.1334383333	0.5565901062	51.6784440682	0.6136560296	1.2273120592	NA	NA	NA	NA	NA	NA
OSIX	OSIX_ogn2_piks_3.dat	RP3HT	Flat	2	2000	3	2.4895933333	0.566128514	53.2298606546	0.7502375049	1.5004750098	NA	NA	NA	NA	NA	NA
OSIX	OSIX_ogn2_piks_4.dat	RP3HT	Flat	2	2000	4	2.7849933333	0.5547181111	53.6993048763	0.8295931728	1.6591863455	NA	NA	NA	NA	NA	NA
OSIX	OSIX_ogn2_piks_5.dat	RP3HT	Flat	2	2000	5	2.624765	0.5346894613	52.8346114271	0.7414989977	1.4829979954	NA	NA	NA	NA	NA	NA
OSIX	OSIX_ogn2_piks_6.dat	RP3HT	Flat	2	2000	6	2.5688883333	0.53711817	53.4359438904	0.7373073372	1.4746146745	NA	NA	NA	NA	NA	NA
OSIX	OSIX_ogn3_piks_1_DVD.dat	RP3HT	DVD	3	2000	1	3.17072	0.4317446093	46.6082238481	0.6380392103	1.2760784206	3.517565	0.4270419831	45.8719535528	0.6890646022	1.3781292044	DVD
OSIX	OSIX_ogn3_piks_2_DVD.dat	RP3HT	DVD	3	2000	2	2.5775166667	0.4220805233	41.0893597692	0.4470191917	0.8940383834	2.561615	0.417269016	40.9544803995	0.4377553028	0.8755106055	DVD
OSIX	OSIX_ogn3_piks_3_DVD.dat	RP3HT	DVD	3	2000	3	2.4056783333	0.3959243	36.2368526905	0.3451438862	0.6902877724	2.3916483333	0.3920980526	36.279372464	0.3402136805	0.6804273609	DVD
OSIX	OSIX_ogn3_piks_4_DVD.dat	RP3HT	DVD	3	2000	4	2.17272	0.4226900476	44.7001315073	0.4105202505	0.821040501	2.0413233333	0.4109929176	44.5011780238	0.3733512807	0.7467025614	DVD
OSIX	OSIX_ogn3_piks_5_DVD.dat	RP3HT	DVD	3	2000	5	2.5299683333	0.4346465604	46.0619935589	0.5065170429	1.0130340859	2.4613483333	0.4233007181	45.9782956779	0.4790435025	0.958087005	DVD
OSIX	OSIX_ogn3_piks_6_DVD.dat	RP3HT	DVD	3	2000	6	2.5210483333	0.4232917332	44.2656988749	0.4723765003	0.9447530005	2.44919	0.4138946634	44.3381649615	0.4494589359	0.8989178717	DVD
OSIX	OSIX_ogn4_piks_1_DVD.dat	RP3HT	DVD	4	2000	1	2.9877583333	0.381514282	40.7423491846	0.4644108242	0.9288216484	2.6226316667	0.3643110016	40.4746934406	0.3867169031	0.7734338062	CD
OSIX	OSIX_ogn4_piks_2_DVD.dat	RP3HT	DVD	4	2000	2	3.1141733333	0.4335490909	43.3621858999	0.5854532597	1.1709065195	2.9016583333	0.4243953972	42.3956901536	0.5220819134	1.0441638267	CD
OSIX	OSIX_ogn4_piks_3_DVD.dat	RP3HT	DVD	4	2000	3	2.453985	0.2682841671	29.7545905176	0.1958939056	0.3917878112	2.417215	0.2623383736	29.7590791099	0.1887107281	0.3774214562	CD
OSIX	OSIX_ogn4_piks_4_DVD.dat	RP3HT	DVD	4	2000	4	1.697205	0.4007845486	33.8409670071	0.2301908396	0.4603816791	1.6598466667	0.3938481073	33.652665554	0.2199967185	0.4399934369	CD
OSIX	OSIX_ogn4_piks_5_DVD.dat	RP3HT	DVD	4	2000	5	2.9033416667	0.4648582439	43.2150365944	0.5832484176	1.1664968352	3.3935966667	0.4614738359	42.5776534367	0.6667899267	1.3335798534	CD
OSIX	OSIX_ogn4_piks_6_DVD.dat	RP3HT	DVD	4	2000	6	2.681695	0.4388370852	45.7454979516	0.5383454705	1.0766909411	2.9718616667	0.4360543855	45.3310023295	0.5874414278	1.1748828557	CD
OSIX	OSIX_ogn5_piks_1_DVD.dat	RP3HT	DVD	5	2000	1	1.5011271667	0.0661370151	25.0929907697	0.0249123388	0.0498246776	NA	NA	NA	NA	NA	NA
OSIX	OSIX_ogn5_piks_2_DVD.dat	RP3HT	DVD	5	2000	2	2.5262183333	0.4726296868	39.6832714362	0.4738046812	0.9476093624	NA	NA	NA	NA	NA	NA
OSIX	NA 	RP3HT	DVD	5	2000	3	NA	NA	NA	NA	NA	NA	NA	NA	NA	NA	NA
OSIX	OSIX_ogn5_piks_4_DVD.dat	RP3HT	DVD	5	2000	4	0.8964301667	0.4298482351	32.26861604	0.1243403113	0.2486806226	NA	NA	NA	NA	NA	NA
OSIX	OSIX_ogn5_piks_5_DVD.dat	RP3HT	DVD	5	2000	5	1.9903083333	0.3978353129	37.7717132946	0.2990820684	0.5981641368	NA	NA	NA	NA	NA	NA
OSIX	OSIX_ogn5_piks_6_DVD.dat	RP3HT	DVD	5	2000	6	2.6232516667	0.4066303516	39.4105680203	0.420390065	0.8407801299	NA	NA	NA	NA	NA	NA

