0	1.1133464e-08
3.8923827e-08	1.8645028e-08
7.7847655e-08	3.093698e-08
1.1677148e-07	4.5019598e-08
1.5569531e-07	6.0999411e-08
1.9461914e-07	7.6637107e-08
2.3354296e-07	9.0027175e-08
2.7246679e-07	9.6646247e-08
3.1139062e-07	9.9522495e-08
3.5031445e-07	1.0108622e-07
3.8923827e-07	1.0142611e-07
4.281621e-07	1.0096449e-07
4.6708593e-07	9.8242364e-08
5.0600976e-07	9.6582458e-08
5.4493358e-07	9.7798845e-08
5.8385741e-07	9.9860971e-08
6.2278124e-07	9.8654125e-08
6.6170506e-07	9.2504322e-08
7.0062889e-07	7.5242756e-08
7.3955272e-07	5.773722e-08
7.7847655e-07	4.2781262e-08
8.1740037e-07	2.6431364e-08
8.563242e-07	1.4719483e-08
8.9524803e-07	1.6584954e-08
9.3417186e-07	2.9385246e-08
9.7309568e-07	4.6311787e-08
1.0120195e-06	6.1971842e-08
1.0509433e-06	7.6344894e-08
1.0898672e-06	8.899917e-08
1.128791e-06	9.8998881e-08
1.1677148e-06	1.0499487e-07
1.2066386e-06	1.0720201e-07
1.2455625e-06	1.0631731e-07
1.2844863e-06	1.039036e-07
1.3234101e-06	1.0290148e-07
1.362334e-06	9.9080163e-08
1.4012578e-06	9.0711297e-08
1.4401816e-06	7.8576277e-08
1.4791054e-06	6.6397158e-08
1.5180293e-06	5.6281018e-08
1.5569531e-06	4.0144082e-08
1.5958769e-06	2.5272352e-08
1.6348007e-06	1.7283208e-08
1.6737246e-06	1.865252e-08
1.7126484e-06	3.1160603e-08
1.7515722e-06	4.8090936e-08
1.7904961e-06	6.6697186e-08
1.8294199e-06	8.251197e-08
1.8683437e-06	9.3551521e-08
1.9072675e-06	9.9026325e-08
1.9461914e-06	1.0065863e-07
1.9851152e-06	9.9458138e-08
2.024039e-06	9.8211927e-08
2.0629628e-06	9.9101316e-08
2.1018867e-06	9.973079e-08
2.1408105e-06	9.7547343e-08
2.1797343e-06	9.4419443e-08
2.2186582e-06	8.9731254e-08
2.257582e-06	8.4818387e-08
2.2965058e-06	7.8000132e-08
2.3354296e-06	6.4582394e-08
2.3743535e-06	5.2920952e-08
2.4132773e-06	4.0415847e-08
2.4522011e-06	3.0643599e-08
2.4911249e-06	2.3717917e-08
2.5300488e-06	2.0721965e-08
2.5689726e-06	2.7485179e-08
2.6078964e-06	4.0392456e-08
2.6468203e-06	5.5943705e-08
2.6857441e-06	6.9555617e-08
2.7246679e-06	8.1316267e-08
2.7635917e-06	9.162819e-08
2.8025156e-06	9.9648773e-08
2.8414394e-06	1.0426099e-07
2.8803632e-06	1.0524203e-07
2.919287e-06	1.0385923e-07
2.9582109e-06	1.0258651e-07
2.9971347e-06	9.7655058e-08
3.0360585e-06	9.1925859e-08
3.0749824e-06	8.4658391e-08
3.1139062e-06	7.4154511e-08
3.15283e-06	6.2070593e-08
3.1917538e-06	4.6302529e-08
3.2306777e-06	3.1635536e-08
3.2696015e-06	2.2769813e-08
3.3085253e-06	1.7571971e-08
3.3474491e-06	2.6270558e-08
3.386373e-06	4.270755e-08
3.4252968e-06	5.8607175e-08
3.4642206e-06	7.2934753e-08
3.5031445e-06	8.500709e-08
3.5420683e-06	9.3885429e-08
3.5809921e-06	1.0050323e-07
3.6199159e-06	1.03512e-07
3.6588398e-06	1.0408395e-07
3.6977636e-06	1.0384466e-07
3.7366874e-06	1.0248979e-07
3.7756113e-06	1.0383423e-07
3.8145351e-06	1.044412e-07
3.8534589e-06	1.0287538e-07
3.8923827e-06	1.0046092e-07
3.9313066e-06	9.6115165e-08
3.9702304e-06	8.6409023e-08
4.0091542e-06	7.4120732e-08
4.048078e-06	6.1249968e-08
4.0870019e-06	4.6443897e-08
4.1259257e-06	2.9419319e-08
4.1648495e-06	1.8752571e-08
4.2037734e-06	1.7462663e-08
4.2426972e-06	2.5102501e-08
4.281621e-06	3.9277791e-08
4.3205448e-06	5.4160298e-08
4.3594687e-06	6.7778705e-08
4.3983925e-06	8.1342102e-08
4.4373163e-06	9.3926287e-08
4.4762401e-06	1.0173582e-07
4.515164e-06	1.0359364e-07
4.5540878e-06	1.0172978e-07
4.5930116e-06	9.8562578e-08
4.6319355e-06	9.9012651e-08
4.6708593e-06	9.8528018e-08
4.7097831e-06	9.639719e-08
4.7487069e-06	9.4202195e-08
4.7876308e-06	8.8195506e-08
4.8265546e-06	7.6066575e-08
4.8654784e-06	6.2450836e-08
4.9044022e-06	4.9118923e-08
4.9433261e-06	3.5580176e-08
4.9822499e-06	2.2172768e-08
5.0211737e-06	1.2891133e-08
5.0600976e-06	1.4641283e-08
5.0990214e-06	2.8831265e-08
5.1379452e-06	4.5829708e-08
5.176869e-06	6.0273434e-08
5.2157929e-06	7.1688493e-08
5.2547167e-06	8.0566187e-08
5.2936405e-06	8.7823601e-08
5.3325643e-06	9.1956826e-08
5.3714882e-06	9.2960854e-08
5.410412e-06	9.3613032e-08
5.4493358e-06	9.4514233e-08
5.4882597e-06	9.4705386e-08
5.5271835e-06	9.1666697e-08
5.5661073e-06	8.6786932e-08
5.6050311e-06	8.0357092e-08
5.643955e-06	7.2288366e-08
5.6828788e-06	6.385467e-08
5.7218026e-06	5.3542223e-08
5.7607264e-06	3.6725916e-08
5.7996503e-06	2.2057908e-08
5.8385741e-06	1.603304e-08
5.8774979e-06	2.1241495e-08
5.9164218e-06	3.2971402e-08
5.9553456e-06	4.7138484e-08
5.9942694e-06	6.0562072e-08
6.0331932e-06	7.3441177e-08
6.0721171e-06	8.3866673e-08
6.1110409e-06	9.1782034e-08
6.1499647e-06	9.8045539e-08
6.1888885e-06	1.0141311e-07
6.2278124e-06	1.0212759e-07
6.2667362e-06	1.0032349e-07
6.30566e-06	9.894415e-08
6.3445839e-06	9.9015096e-08
6.3835077e-06	9.7891718e-08
6.4224315e-06	9.1897922e-08
6.4613553e-06	8.0668828e-08
6.5002792e-06	6.8539498e-08
6.539203e-06	5.5891965e-08
6.5781268e-06	3.5302823e-08
6.6170506e-06	2.1149509e-08
6.6559745e-06	1.5324157e-08
6.6948983e-06	2.3488991e-08
6.7338221e-06	3.7243485e-08
6.772746e-06	5.1168889e-08
6.8116698e-06	6.4791043e-08
6.8505936e-06	7.8149473e-08
6.8895174e-06	8.9542938e-08
6.9284413e-06	9.8363957e-08
6.9673651e-06	1.0356504e-07
7.0062889e-06	1.0454936e-07
7.0452127e-06	1.0372114e-07
7.0841366e-06	1.0455923e-07
7.1230604e-06	1.0487997e-07
7.1619842e-06	1.0415209e-07
7.2009081e-06	1.0225762e-07


